Weight 1: 
 [[ 2.71078656 -0.54482255  1.49119083  3.40287371  2.72451196]
 [-2.82694977  0.89892445 -1.34958522 -1.37313475 -0.08053674]]
Weight 2: 
 [[-0.71557014  1.93788306  0.53519384 -0.75823443  0.25123773]
 [-0.33080407  2.01800074 -1.42523548 -0.3711385  -2.73905808]
 [-6.10737842  0.32545863  0.74408332 -2.48650943  3.74387307]
 [-3.90689368 -0.86895665 -1.35969632  2.06487152  2.0416786 ]
 [-0.68386149 -0.19280488 -2.77274485 -4.96151007 -1.63668046]]
Weight 3: 
 [[ 0.28411543  0.39069374]
 [-0.29518525 -1.02619704]
 [-0.46183389 -0.17988786]
 [ 0.17719155 -0.15959498]
 [ 1.29132985 -1.11049255]]
Bias 1: 
 [[ 0.11876654 -0.0700461  -0.0576522  -0.13987502 -0.01901942]]
Bias 2: 
 [[ 0.01776611  0.07615346 -0.01073479 -0.00166744  0.06711185]]
Bias 3: 
 [[ 0.10387698 -0.10387698]]

-mllvm --x86-asm-syntax=intel -fomit-frame-pointer
